QUADRANT POS IN ILLUSTRATOR
quadrant:
1,2,3,4...29
x:
4050.255 ,5535.901 ,7400.127 ,1107.234 ,3320.281 ,5533.863 ,7748.015 ,9960.24 ,11845.951 ,1141.47 ,3321.458 ,5534.321 ,7746.151 ,9960.096 ,11846.184 ,1536.408 ,3320.277 ,5532.168 ,7583.152 ,1148.466 ,3320.149 ,5531.39 ,7523.938 ,3319.909 ,5532.229 ,7521.435 ,3320.125 ,5530.17 ,7397.007 
y:
1083.248 ,1082.813 ,1084.104 ,3711.672 ,3249.423 ,3248.912 ,3248.999 ,3388.387 ,3424.497 ,5414.286 ,5414.796 ,5414.31 ,5414.276 ,5208.425 ,5200.033 ,7582.484 ,7583.116 ,7580.154 ,7580.722 ,9749.226 ,9749.696 ,9750.086 ,9749.381 ,11914.475 ,11914.858 ,11914.561 ,14076.511 ,14034.802 ,13180.082 

1148.466 - 440.316 = 708.15
9749.226 - 9653.126 = 96.1

QUADRANT POS IN FLASH
quadrant:
1,2,3,4...29
x:
3609.939,5095.585,6959.811,666.918,2879.965,5093.547,7307.699,9519.924,11405.635,701.154,2881.142,5094.005,7305.835,9519.78,11405.868,1096.092,2879.961,5091.852,7142.836,708.15,2879.833,5091.074,7083.622,2879.593,5091.913,7081.119,2879.809,5089.854,6956.691
y:
-8569.878,-8570.313,-8569.022,-5941.454,-6403.703,-6404.214,-6404.127,-6264.739,-6228.629,-4238.84,-4238.33,-4238.816,-4238.85,-4444.701,-4453.093,-2070.642,-2070.01,-2072.972,-2072.404,96.1,96.57,96.96,96.255,2261.349,2261.732,2261.435,4423.385,4381.676,3526.956
